18647 0 0 100
365
368 180 90 120 .5
373 70 -20 110 2
371
1486
1575 80 0 0
1212
348 0 0 0 2
349 0 0 0 3
352
353 0 0 0 2.5
343
326
325 0 0 0 2.7
355 0 0 0 2.5
371
1484
3028
1279
3027
2114
19348 180 0 0 1
19349 0 0 0 1
19350 0 0 0 1
19469
19472
19352
19487
351 0 0 0 2.1
335
356 0 0 0 2.2
1550
1212
19347 300 0 0 1
19418 0 0 0 .1
19514
19515
19161
19162
18636
19099
19100
18642 0 180 0 .8
18637 90 180 0 1
355 0 0 0 2.3
358 0 0 0 2.3
366 0 45 0 2
334
19421
19422
19423
19424
2036
2052
2614
11245
19351 90 90 10 1
19520 0 -90 10
19521 0 -90 0
19516 -35 -90
19517 90 0 90
19518 0 -90 15
19519 180 90 30
19488 -40 0 50
19308 0 0 90
19309 0 0 90
19310 0 0 90
19311 0 0 90
2590
347 0 0 -150
19330 0 -90
19331 0 -90
336 5 0 0 2
341 0 -10 -130
2035 90
1000 -20
1001 -20
1002 -20
2036 90
2044 90
367 -10 0 50