19372 0.0 0.0 90.0 1.0
19373 0.0 0.0 90.0 1.0
19374 0.0 0.0 90.0 1.0
19375 0.0 0.0 90.0 1.0
19376 0.0 0.0 90.0 1.0
19377 0.0 0.0 90.0 1.0
19378 0.0 0.0 90.0 1.0
19379 0.0 0.0 90.0 1.0
19380 0.0 0.0 90.0 1.0
19381 0.0 0.0 90.0 1.0
19382 0.0 0.0 90.0 1.0
19383 0.0 0.0 90.0 1.0
19384 0.0 0.0 90.0 1.0
19385 0.0 0.0 90.0 1.0
19386 0.0 0.0 90.0 1.0
19387 0.0 0.0 90.0 1.0
19388 0.0 0.0 90.0 1.0
19389 0.0 0.0 90.0 1.0
19390 0.0 0.0 90.0 1.0
19391 0.0 0.0 90.0 1.0
19392 0.0 0.0 90.0 1.0
19393 0.0 0.0 90.0 1.0
19394 0.0 0.0 90.0 1.0
19395 0.0 0.0 90.0 1.0
19396 0.0 0.0 90.0 1.0
19397 0.0 0.0 90.0 1.0
19398 0.0 0.0 90.0 1.0
19399 0.0 0.0 90.0 1.0
19400 0.0 0.0 90.0 1.0
19401 0.0 0.0 90.0 1.0
19402 0.0 0.0 90.0 1.0
19403 0.0 0.0 90.0 1.0
19404 0.0 0.0 90.0 1.0
19405 0.0 0.0 90.0 1.0
19406 0.0 0.0 90.0 1.0
19407 0.0 0.0 90.0 1.0
19408 0.0 0.0 90.0 1.0
19409 0.0 0.0 90.0 1.0
19410 0.0 0.0 90.0 1.0
19411 0.0 0.0 90.0 1.0
19412 0.0 0.0 90.0 1.0
19413 0.0 0.0 90.0 1.0
19414 0.0 0.0 90.0 1.0
19415 0.0 0.0 90.0 1.0
19416 0.0 0.0 90.0 1.0